<?xml version="1.0"?>
<opencv_storage>
<coef_matrix type_id="opencv-matrix">
  <rows>1</rows>
  <cols>5</cols>
  <dt>d</dt>
  <data>
    -0.0753413793419683 0.242546341519954 -0.00219587406317966 0.00396341324028028 -0.107908652593460</data></coef_matrix>
</opencv_storage>
